2,
 32,
 128,
 76,
 237,
 131,
 53,
 139,
 115,
 97,
 23,
 92,
 191,
 218,
 165,
 419,
 33,
 528,
 314,
 89,
 861,
 261,
 150,
 193,
 30,
 120,
 6,
 24,
 57,
 167,
 668,
 159,
 65,
 13,
 52,
 99,
 321,
 4678,
 409,
 5458,
 72,
 171,
 151,
 175,
 35,
 140,
 7,
 28,
 448,
 229,
 156,
 425,
 207,
 85,
 17,
 68,
 317,
 963,
 292,
 74,
 16374,
 270,
 54,
 84,
 798,
 117,
 61,
 244,
 142,
 182,
 204,
 82,
 779,
 337,
 442,
 155,
 31,
 124,
 219,
 617,
 1309,
 162,
 249,
 63,
 2046,
 227,
 172,
 98,
 153,
 145,
 372,
 1488,
 202,
 29,
 116,
 242,
 79,
 3274,
 118,
 189,
 129,
 257,
 44,
 176,
 67,
 268,
 279,
 606,
 348,
 394,
 50,
 10,
 160,
 380,
 94,
 376,
 
